1.2243304699659348
1.2773206382989883
2.2970693707466125
1.6207475513219833
1.812444493174553
1.3418207466602325
0.915536992251873
1.205334946513176
1.3196277916431427
1.0463892668485641
0.802585206925869
1.3991775661706924
1.71329265832901
1.657781958580017
1.4408244341611862
1.1510054171085358
2.3835534006357193
1.3134904205799103
1.8625192046165466
0.8269427940249443
1.0067671537399292
0.6621845029294491
1.1648374646902084
1.0901225358247757
0.562460508197546
0.9508608728647232
0.9023552946746349
1.0742281898856163
1.0773601084947586
0.9980993494391441
0.8157033286988735
1.3008846417069435
1.069592446088791
1.535081759095192
2.107345551252365
1.6065884977579117
1.3104826658964157
1.9220513701438904
1.0202386379241943
0.6972383409738541
